226,557;flipper.png;137,70;226.0,557.0;20
378,556;flipper.png;137,70;378.0,556.0;200
50,83;wall.png;74,152;50.0,83.0;0
51,229;wall.png;74,152;51.0,229.0;0
50,376;wall.png;74,152;50.0,376.0;0
51,523;wall.png;74,152;51.0,523.0;0
50,83;wall.png;74,152;50.0,83.0;0
551,80;wall.png;74,152;551.0,80.0;0
551,228;wall.png;74,152;551.0,228.0;0
552,374;wall.png;74,152;552.0,374.0;0
552,519;wall.png;74,152;552.0,519.0;0
126,574;wall.png;44,84;129.0,575.0;-90
477,570;wall.png;44,84;480.0,571.0;-90
164,175;bumper1.png;60,61;164.0,175.0;0
295,100;bumper1.png;60,61;295.0,100.0;0
422,177;bumper1.png;60,61;422.0,177.0;0
