930,645;flipper.png;191,89;-28.190778623577245,-10.260604299770051;0.0;2;0
781,547;flipper.png;181,84;30.0,-7.999999999999998;0.0;2;1
31,681;wall.png;60,138;0.0,0.0;0;3;0
31,549;wall.png;60,138;0.0,0.0;0;3;0
32,285;wall.png;60,138;0.0,0.0;0;3;0
32,417;wall.png;60,138;0.0,0.0;0;3;0
32,156;wall.png;60,138;0.0,0.0;0;3;0
32,24;wall.png;60,138;0.0,0.0;0;3;0
570,30;wall.png;60,138;0.0,0.0;0;3;0
570,162;wall.png;60,138;0.0,0.0;0;3;0
570,291;wall.png;60,138;0.0,0.0;0;3;0
570,423;wall.png;60,138;0.0,0.0;0;3;0
569,555;wall.png;60,138;0.0,0.0;0;3;0
569,687;wall.png;60,138;0.0,0.0;0;3;0
171,181;bumper1.png;110,111;0.0,0.0;0;1;0
418,191;bumper1.png;181,184;0.0,0.0;0;1;0
306,699;canon.png;76,112;0.0,0.0;0;4;0
513,579;wall.png;60,138;0.0,-0.0;90;3;0
415,607;flipper.png;181,84;37.0,2.0;0.0;2;1
83,592;wall.png;60,138;0.0,-0.0;90;3;1
198,608;flipper.png;181,84;-36.0,3.0;0.0;2;0
