309,713;canon.png;60,104;0.0,0.0;0;4;0
-50,329;wall.png;426,1466;0.0,0.0;0;3;0
653,343;wall.png;426,1466;0.0,0.0;0;3;0
226,129;wall.png;92,86;4.0,-3.0;90;3;0
388,131;wall.png;92,86;4.0,-3.0;90;3;0
302,204;wall.png;92,86;4.0,-3.0;90;3;0
227,282;wall.png;92,86;4.0,-3.0;90;3;0
227,359;wall.png;92,86;4.0,-3.0;90;3;0
308,282;wall.png;92,86;4.0,-3.0;90;3;0
384,280;wall.png;92,86;4.0,-3.0;90;3;0
382,360;wall.png;92,86;4.0,-3.0;90;3;0
167,619;flipper.png;186,87;-37.0,5.0;0;2;0
436,618;flipper.png;186,87;41.0,3.0;0;2;1
