164,563;flipper.png;148,68;-29.99999999999999,7.993605777301127e-15;0;2;0
413,562;flipper.png;148,68;32.0,2.0;0;2;1
31,681;wall.png;60,138;0.0,0.0;0;3;0
31,549;wall.png;60,138;0.0,0.0;0;3;0
32,285;wall.png;60,138;0.0,0.0;0;3;0
32,417;wall.png;60,138;0.0,0.0;0;3;0
32,156;wall.png;60,138;0.0,0.0;0;3;0
32,24;wall.png;60,138;0.0,0.0;0;3;0
570,30;wall.png;60,138;0.0,0.0;0;3;0
570,162;wall.png;60,138;0.0,0.0;0;3;0
570,291;wall.png;60,138;0.0,0.0;0;3;0
570,423;wall.png;60,138;0.0,0.0;0;3;0
569,555;wall.png;60,138;0.0,0.0;0;3;0
569,687;wall.png;60,138;0.0,0.0;0;3;0
171,181;bumper1.png;110,111;0.0,0.0;0;1;0
418,191;bumper1.png;181,184;0.0,0.0;0;1;0
287,655;canon.png;76,112;0.0,0.0;0;4;0