930,645;flipper.png;191,89;-28.190778623577245,-10.260604299770051;0.0;2;0
781,547;flipper.png;181,84;30.0,-7.999999999999998;0.0;2;1
31,681;wall.png;60,138;0.0,0.0;0.0;3;0
31,549;wall.png;60,138;0.0,0.0;0.0;3;0
32,285;wall.png;60,138;0.0,0.0;0.0;3;0
32,417;wall.png;60,138;0.0,0.0;0.0;3;0
32,156;wall.png;60,138;0.0,0.0;0.0;3;0
32,24;wall.png;60,138;0.0,0.0;0.0;3;0
570,30;wall.png;60,138;0.0,0.0;0.0;3;0
570,162;wall.png;60,138;0.0,0.0;0.0;3;0
570,291;wall.png;60,138;0.0,0.0;0.0;3;0
570,423;wall.png;60,138;0.0,0.0;0.0;3;0
569,555;wall.png;60,138;0.0,0.0;0.0;3;0
569,687;wall.png;60,138;0.0,0.0;0.0;3;0
112,53;bumper1.png;120,122;0.0,0.0;0.0;1;0
491,51;bumper1.png;120,122;0.0,0.0;0.0;1;0
306,699;canon.png;76,112;0.0,0.0;0.0;4;0
506,562;wall.png;60,138;0.0,0.0;140.0;3;0
415,607;flipper.png;181,84;37.0,2.0;0.0;2;1
96,560;wall.png;60,138;0.0,0.0;40.0;3;1
198,608;flipper.png;181,84;-36.0,3.0;0.0;2;0
129,228;wall.png;60,138;0.0,0.0;50.0;3;0
469,230;wall.png;60,138;0.0,0.0;50.0;3;1
309,121;wall.png;60,138;-0.0,-0.0;90.0;3;1
305,49;bumper1.png;60,61;0.0,0.0;0;1;0
