-50,345;wall.png;270,950;0.0,0.0;0.0;3;0
650,344;wall.png;270,950;0.0,0.0;0.0;3;0
184,672;flipper.png;252,118;0.17364817766693047,0.9848077530122078;-20.0;2;0
444,514;canon.png;60,104;0.0,0.0;40.0;4;0
540,527;wall.png;60,139;-0.0,0.0;90.0;3;0
142,129;bumper1.png;60,61;0.0,0.0;0.0;1;0
415,77;bumper1.png;60,61;0.0,0.0;0.0;1;0
417,137;bumper1.png;60,61;0.0,0.0;0.0;1;0
416,195;bumper1.png;60,61;0.0,0.0;0.0;1;0
278,101;bumper1.png;60,61;0.0,0.0;0.0;1;0
277,160;bumper1.png;60,61;0.0,0.0;0.0;1;0
490,660;wall.png;30,224;0.9999999999999994,-3.885780586188048e-16;0.0;3;0
135,338;wall.png;34,132;-0.0,0.0;90.0;3;0
445,587;wall.png;34,132;0.0,0.0;140.0;3;0
447,644;wall.png;34,132;0.0,0.0;70.0;3;0
