-50,345;wall.png;270,950;0.0,0.0;0.0;3;0
199,705;flipper.png;142,66;0.0,0.0;-20.0;2;0
404,708;flipper.png;142,66;0.0,0.0;-20.0;2;1
650,344;wall.png;270,950;0.0,0.0;0.0;3;0
300,416;canon.png;60,104;0.0,0.0;0;4;0
300,487;wall.png;52,52;0.0,0.0;90;3;0
58,530;wall.png;60,139;0.0,0.0;30;3;0
294,94;wall.png;60,139;0.0,0.0;-90;3;0
141,287;bumper1.png;60,61;0.0,0.0;0;1;0
291,90;wall.png;60,139;0.0,0.0;40;3;0
293,88;wall.png;60,139;0.0,0.0;40;3;1
292,87;bumper1.png;78,78;0.0,0.0;0;1;0
451,289;bumper1.png;60,61;0.0,0.0;0;1;0
542,526;wall.png;60,139;0.0,0.0;30;3;1
300,557;bumper1.png;60,61;0.0,0.0;0;1;0
296,209;bumper1.png;60,61;0.0,0.0;0;1;0
