-50,345;wall.png;270,950;0.0,0.0;0.0;3;0
650,344;wall.png;270,950;0.0,0.0;0.0;3;0
403,697;flipper.png;142,66;28.0,-10.0;-20.0;2;1
198,692;flipper.png;142,66;-27.0,-9.0;-20.0;2;0
297,46;canon.png;60,104;-0.0,-0.0;-180.0;4;0
201,233;bumper1.png;60,61;0.0,0.0;0.0;1;0
394,236;bumper1.png;60,61;0.0,0.0;0.0;1;0
241,415;flipper.png;101,48;-19.0,-8.0;-20.0;2;0
302,458;wall.png;40,174;0.0,-0.0;-270.0;3;0
368,416;flipper.png;101,48;21.0,-10.0;-20.0;2;1
297,578;bumper1.png;60,61;0.0,0.0;0.0;1;0
175,66;wall.png;40,174;0.0,-0.0;-270.0;3;0
429,67;wall.png;40,174;0.0,-0.0;-270.0;3;0
303,313;wall.png;42,54;0.0,-0.0;-270.0;3;0
