410,708;flipper.png;142,66;0.0,0.0;-20.0;2;1
200,708;flipper.png;142,66;0.0,0.0;-20.0;2;0
93,551;canon.png;60,104;0.0,0.0;-40.0;4;0
-49,345;wall.png;270,950;0.0,0.0;0.0;3;0
649,342;wall.png;270,950;0.0,0.0;0.0;3;0
494,642;wall.png;78,182;0.0,0.0;0.0;3;0
114,647;wall.png;78,182;0.0,0.0;0.0;3;0
300,258;wall.png;64,60;0.0,0.0;0.0;3;0
146,84;wall.png;64,60;0.0,0.0;-50.0;3;0
180,320;bumper1.png;60,61;0.0,0.0;0.0;1;0
414,321;bumper1.png;60,61;0.0,0.0;0.0;1;0
299,151;bumper1.png;60,61;0.0,0.0;0.0;1;0
454,81;wall.png;64,60;0.0,0.0;-50.0;3;0
