-50,345;wall.png;284,982;0.0,0.0;0.0;3;0
650,344;wall.png;270,950;0.0,0.0;0.0;3;0
497,29;canon.png;60,104;0.0,0.0;130;4;0
154,135;bumper1.png;60,61;0.0,0.0;0;1;0
220,203;bumper1.png;60,61;0.0,0.0;0;1;0
449,141;bumper1.png;60,61;0.0,0.0;0;1;0
442,270;bumper1.png;60,61;0.0,0.0;0;1;0
439,207;bumper1.png;60,61;0.0,0.0;0;1;0
156,207;bumper1.png;60,61;0.0,0.0;0;1;0
88,204;bumper1.png;60,61;0.0,0.0;0;1;0
153,275;bumper1.png;60,61;0.0,0.0;0;1;0
503,210;bumper1.png;60,61;0.0,0.0;0;1;0
375,205;bumper1.png;60,61;0.0,0.0;0;1;0
237,683;flipper.png;130,60;0.0,0.0;-20;2;0
372,685;flipper.png;126,63;0.0,0.0;-20;2;1
102,456;wall.png;60,139;0.0,0.0;50;3;0
502,463;wall.png;60,139;0.0,0.0;50;3;1
