-50,345;wall.png;284,982;0.0,0.0;0.0;3;0
666,323;wall.png;270,950;0.0,0.0;0.0;3;0
118,98;wall.png;30,128;0.0,0.0;0;3;0
214,97;wall.png;30,128;0.0,0.0;0;3;0
142,51;wall.png;28,74;0.0,0.0;-90;3;0
142,94;wall.png;28,74;0.0,0.0;-90;3;0
141,141;wall.png;28,74;0.0,0.0;-90;3;0
237,93;wall.png;28,74;0.0,0.0;-90;3;0
238,49;wall.png;28,74;0.0,0.0;-90;3;0
309,97;wall.png;30,128;0.0,0.0;0;3;0
333,49;wall.png;28,74;0.0,0.0;-90;3;0
332,93;wall.png;28,74;0.0,0.0;-90;3;0
353,73;wall.png;28,74;0.0,0.0;0;3;0
345,127;wall.png;28,74;0.0,0.0;-130;3;0
434,48;wall.png;28,74;0.0,0.0;-90;3;0
410,95;wall.png;30,128;0.0,0.0;0;3;0
434,91;wall.png;28,74;0.0,0.0;-90;3;0
433,138;wall.png;28,74;0.0,0.0;-90;3;0
498,94;wall.png;30,128;0.0,0.0;0;3;0
220,523;flipper.png;160,75;0.0,0.0;-10;2;0
390,522;flipper.png;160,75;0.0,0.0;-10;2;1
119,387;wall.png;30,128;0.0,0.0;30;3;0
485,391;wall.png;30,128;0.0,0.0;30;3;1
242,249;bumper1.png;60,61;0.0,0.0;0;1;0
309,328;bumper1.png;60,61;0.0,0.0;0;1;0
384,246;bumper1.png;60,61;0.0,0.0;0;1;0
306,490;canon.png;60,104;0.0,0.0;0;4;0
